18
1


30

43
1
19
2
95
2
107
6
41
10
166
11
133
8
96
10
193
13
176
19
128
17
202
19
167
29
170
35
164
32
122
30
156
32
135
34
118
32
142
33
118
60
102
38
107
41
98
40
94
51
87
42
77
49
63
57
84
49
76
51
67
45
68
46
86
46
74
48
78
41
76
60
66
46
76
48
60
58
59
58
67
53
61
49
67
47
74
46
79
52
54
63
63
49
53
50
66
53
67
50
57
61
51
60
55
46
50
56
53
54
54
42
62
67
52
40
64
68
55
57
47
48
61
50
45
54
39
49
50
49
54
48
61
57
58
48
47
54
51
50
50
44
46
42
66
40
66
59
51
60
63
58
50
51
51
57
65
48
47
38
43
42
53
56
46
37
52
50
50
43
42
40
54
52
38
44
44
43
39
37
46
31
42
33
40
42
39
41
52
28
29
41
42
62
163